#  idx     temp           <En>           fluEn          <rho>          flurho          <En2>         fluEn2          <EnN>          fluEnN         <phi>          fluphi         <phi2>        fluphi2         <phi4>        fluphi4        <theta>        flutheta       <theta2>       flutheta2      <theta4>      flutheta4        <Q>            fluQ           <Q2>           fluQ2          <Q4>          fluQ4           <N2>           fluN2 
#-------------------------------------------------------------------------------------------------------------------------------------------------------------------------------------------------------------------------------------------------------------------------------------------------------------------------------------------------------------------------------------------------------------------------------------------------------------
   0   8.350000e-01   -1.421541e+03   5.297210e+00   9.813499e-01   4.487095e-06   2.025823e+06   1.506954e+04   -3.214486e+06   1.197544e+04   7.011810e-03   1.809152e-06   6.313760e-05   3.615450e-08   1.000000e-08   7.090120e-25   8.430064e-01   6.507254e-05   7.119327e-01   1.049610e-04   5.103268e-01   1.390966e-04   8.684913e-01   6.040110e-05   7.553346e-01   1.005493e-04   5.735997e-01   1.415976e-04   5.112337e+06   4.667321e+00 
   1   8.357500e-01   -1.409083e+03   5.666014e+00   9.811034e-01   5.214663e-06   1.990845e+06   1.602136e+04   -3.185529e+06   1.280708e+04   7.073491e-03   1.914882e-06   6.425900e-05   3.790886e-08   1.000000e-08   7.090120e-25   8.403054e-01   7.628994e-05   7.074512e-01   1.241453e-04   5.041150e-01   1.663739e-04   8.660804e-01   7.078160e-05   7.512100e-01   1.189376e-04   5.675300e-01   1.696307e-04   5.109771e+06   5.423288e+00 
   2   8.365000e-01   -1.406020e+03   6.053193e+00   9.808486e-01   4.985797e-06   1.982538e+06   1.707603e+04   -3.177793e+06   1.368258e+04   7.135514e-03   1.792375e-06   6.540740e-05   3.527826e-08   1.000000e-08   7.090120e-25   8.374919e-01   7.656489e-05   7.028075e-01   1.218101e-04   4.977399e-01   1.574064e-04   8.635651e-01   7.148317e-05   7.469273e-01   1.175481e-04   5.612815e-01   1.617926e-04   5.107119e+06   5.182438e+00 
   3   8.372500e-01   -1.392372e+03   6.016247e+00   9.805858e-01   5.398306e-06   1.944403e+06   1.677362e+04   -3.146116e+06   1.359393e+04   7.199608e-03   1.969410e-06   6.658200e-05   3.960416e-08   1.000000e-08   7.090120e-25   8.345828e-01   8.228159e-05   6.980104e-01   1.308400e-04   4.911651e-01   1.685504e-04   8.609627e-01   7.668818e-05   7.424995e-01   1.261036e-04   5.548302e-01   1.732262e-04   5.104385e+06   5.610090e+00 
   4   8.380000e-01   -1.401052e+03   5.839410e+00   9.803152e-01   5.429418e-06   1.968648e+06   1.635033e+04   -3.164865e+06   1.318789e+04   7.266577e-03   1.848406e-06   6.784660e-05   3.930478e-08   1.000000e-08   7.090120e-25   8.315547e-01   7.949630e-05   6.930426e-01   1.269846e-04   4.844290e-01   1.650271e-04   8.582473e-01   7.394035e-05   7.378991e-01   1.221706e-04   5.481882e-01   1.693575e-04   5.101570e+06   5.641784e+00 
   5   8.387500e-01   -1.391288e+03   5.840536e+00   9.800450e-01   5.986875e-06   1.941485e+06   1.630260e+04   -3.141960e+06   1.319196e+04   7.332660e-03   2.028273e-06   6.908740e-05   4.342275e-08   1.000000e-08   7.090120e-25   8.284959e-01   8.981654e-05   6.880590e-01   1.408876e-04   4.777434e-01   1.779735e-04   8.554991e-01   8.377373e-05   7.332741e-01   1.360242e-04   5.415793e-01   1.834372e-04   5.098761e+06   6.217266e+00 
   6   8.395000e-01   -1.384048e+03   5.181500e+00   9.797519e-01   6.955223e-06   1.921150e+06   1.433232e+04   -3.124690e+06   1.169366e+04   7.401794e-03   2.219475e-06   7.040580e-05   4.513390e-08   1.000000e-08   7.090120e-25   8.251369e-01   1.108219e-04   6.826057e-01   1.728350e-04   4.704826e-01   2.155079e-04   8.524743e-01   1.038331e-04   7.281980e-01   1.678110e-04   5.343711e-01   2.238904e-04   5.095714e+06   7.220296e+00 
   7   8.402500e-01   -1.373649e+03   4.844820e+00   9.794527e-01   7.900165e-06   1.892426e+06   1.323927e+04   -3.100285e+06   1.093002e+04   7.478574e-03   2.957798e-06   7.189600e-05   6.156994e-08   1.000000e-08   7.090120e-25   8.216579e-01   1.236839e-04   6.769885e-01   1.908791e-04   4.630808e-01   2.337858e-04   8.493336e-01   1.155955e-04   7.229538e-01   1.851227e-04   5.269945e-01   2.430879e-04   5.092606e+06   8.196306e+00 
   8   8.410000e-01   -1.366110e+03   7.041782e+00   9.791494e-01   7.515843e-06   1.873187e+06   1.915578e+04   -3.082334e+06   1.588886e+04   7.552256e-03   2.233774e-06   7.332940e-05   4.751405e-08   1.000000e-08   7.090120e-25   8.180725e-01   1.159654e-04   6.712417e-01   1.787402e-04   4.556068e-01   2.178677e-04   8.460865e-01   1.085441e-04   7.175680e-01   1.736326e-04   5.195095e-01   2.271318e-04   5.089456e+06   7.794387e+00 
   9   8.417500e-01   -1.372915e+03   6.151513e+00   9.788414e-01   8.610631e-06   1.891378e+06   1.687263e+04   -3.096727e+06   1.386981e+04   7.627879e-03   2.819441e-06   7.481860e-05   5.884397e-08   1.000000e-08   7.090120e-25   8.143955e-01   1.386785e-04   6.653715e-01   2.120755e-04   4.480194e-01   2.558444e-04   8.427524e-01   1.301743e-04   7.120571e-01   2.066795e-04   5.118910e-01   2.675840e-04   5.086257e+06   8.928920e+00 
  10   8.425000e-01   -1.366000e+03   5.743450e+00   9.785204e-01   7.948953e-06   1.872365e+06   1.583687e+04   -3.080146e+06   1.295116e+04   7.701998e-03   2.392222e-06   7.628120e-05   5.152185e-08   1.000000e-08   7.090120e-25   8.104854e-01   1.370930e-04   6.592261e-01   2.041661e-04   4.402593e-01   2.375579e-04   8.391971e-01   1.298095e-04   7.062662e-01   2.010603e-04   5.040619e-01   2.515944e-04   5.082926e+06   8.234531e+00 
  11   8.432500e-01   -1.367458e+03   5.898461e+00   9.781759e-01   8.476071e-06   1.876621e+06   1.604861e+04   -3.082370e+06   1.329108e+04   7.785525e-03   2.679977e-06   7.798120e-05   6.095073e-08   1.000000e-08   7.090120e-25   8.062550e-01   1.672783e-04   6.526162e-01   2.216688e-04   4.319629e-01   2.355554e-04   8.353505e-01   1.555870e-04   7.000255e-01   2.186492e-04   4.956626e-01   2.506085e-04   5.079352e+06   8.771584e+00 
  12   8.440000e-01   -1.347750e+03   5.734230e+00   9.778253e-01   8.812133e-06   1.823133e+06   1.549011e+04   -3.036881e+06   1.291730e+04   7.870249e-03   2.443835e-06   7.969520e-05   5.405835e-08   1.000000e-08   7.090120e-25   8.020072e-01   1.521821e-04   6.458731e-01   2.231943e-04   4.234430e-01   2.555576e-04   8.314719e-01   1.436325e-04   6.936503e-01   2.195993e-04   4.870229e-01   2.707869e-04   5.075714e+06   9.125185e+00 
  13   8.447500e-01   -1.341536e+03   5.884725e+00   9.774674e-01   8.200947e-06   1.806676e+06   1.584400e+04   -3.021796e+06   1.325340e+04   7.954912e-03   2.945046e-06   8.143620e-05   6.558925e-08   1.840000e-08   5.237229e-10   7.975772e-01   1.408024e-04   6.389653e-01   2.051757e-04   4.149147e-01   2.313910e-04   8.274263e-01   1.329247e-04   6.870999e-01   2.022062e-04   4.783292e-01   2.458081e-04   5.072004e+06   8.488865e+00 
  14   8.455000e-01   -1.341652e+03   5.263233e+00   9.770856e-01   1.109468e-05   1.806888e+06   1.407912e+04   -3.020911e+06   1.185331e+04   8.047005e-03   3.364366e-06   8.337060e-05   7.730850e-08   2.000000e-08   1.418024e-24   7.924739e-01   2.170984e-04   6.312839e-01   2.855462e-04   4.057919e-01   2.910281e-04   8.227439e-01   2.021099e-04   6.797553e-01   2.826588e-04   4.689427e-01   3.127234e-04   5.068047e+06   1.146612e+00 
  15   8.462500e-01   -1.334164e+03   5.691355e+00   9.766825e-01   1.083414e-05   1.787310e+06   1.514928e+04   -3.002844e+06   1.280374e+04   8.144710e-03   3.510705e-06   8.544080e-05   8.115887e-08   2.000000e-08   1.418024e-24   7.872462e-01   1.959371e-04   6.232856e-01   2.734126e-04   3.962447e-01   2.989719e-04   8.179232e-01   1.842160e-04   6.720953e-01   2.699488e-04   4.590954e-01   3.188166e-04   5.063872e+06   1.120769e+00 
  16   8.470000e-01   -1.314974e+03   5.321013e+00   9.762791e-01   1.434833e-05   1.736447e+06   1.407292e+04   -2.958465e+06   1.198282e+04   8.240819e-03   4.014228e-06   8.748120e-05   9.517916e-08   2.000000e-08   1.418024e-24   7.820483e-01   2.935911e-04   6.154053e-01   3.880219e-04   3.869009e-01   3.950851e-04   8.131517e-01   2.763385e-04   6.645630e-01   3.866138e-04   4.494651e-01   4.274220e-04   5.059694e+06   1.482190e+00 
  17   8.477500e-01   -1.302634e+03   5.462700e+00   9.758319e-01   1.253874e-05   1.704529e+06   1.411443e+04   -2.929407e+06   1.229161e+04   8.344474e-03   3.635984e-06   8.972480e-05   8.615422e-08   2.000000e-08   1.418024e-24   7.758885e-01   2.573246e-04   6.062723e-01   3.334674e-04   3.764596e-01   3.339365e-04   8.074445e-01   2.437965e-04   6.557413e-01   3.342981e-04   4.385681e-01   3.627939e-04   5.055067e+06   1.294097e+00
  18   8.485000e-01   -1.311158e+03   4.963367e+00   9.753513e-01   1.474253e-05   1.726908e+06   1.302927e+04   -2.947167e+06   1.116018e+04   8.459431e-03   4.096690e-06   9.226720e-05   9.454166e-08   2.000000e-08   1.418024e-24   7.689472e-01   2.943619e-04   5.962152e-01   3.806305e-04   3.653273e-01   3.776903e-04   8.009876e-01   2.778585e-04   6.459686e-01   3.805821e-04   4.268636e-01   4.098949e-04   5.050098e+06   1.521658e+00 
  19   8.492500e-01   -1.296561e+03   6.827148e+00   9.748689e-01   1.471583e-05   1.690245e+06   1.786367e+04   -2.912969e+06   1.534075e+04   8.577829e-03   3.881215e-06   9.491020e-05   9.364130e-08   2.000000e-08   1.418024e-24   7.621429e-01   3.166653e-04   5.863534e-01   3.937797e-04   3.544368e-01   3.695020e-04   7.946426e-01   3.017930e-04   6.363770e-01   3.977569e-04   4.153978e-01   4.062648e-04   5.045112e+06   1.516916e+00 
  20   8.500000e-01   -1.286259e+03   5.842108e+00   9.743466e-01   1.565295e-05   1.663434e+06   1.506967e+04   -2.888334e+06   1.310755e+04   8.698385e-03   3.945205e-06   9.765840e-05   1.001559e-07   2.000000e-08   1.418024e-24   7.544045e-01   3.655330e-04   5.754785e-01   4.184583e-04   3.428536e-01   3.634599e-04   7.874402e-01   3.450739e-04   6.257548e-01   4.244892e-04   4.031145e-01   4.028043e-04   5.039716e+06   1.611361e+00 
  21   8.507500e-01   -1.278163e+03   5.473489e+00   9.737343e-01   2.307613e-05   1.643042e+06   1.400184e+04   -2.868438e+06   1.228356e+04   8.843697e-03   5.608380e-06   1.010260e-04   1.438591e-07   2.060000e-08   3.392669e-10   7.444873e-01   5.792486e-04   5.620369e-01   6.582335e-04   3.291888e-01   5.439786e-04   7.781308e-01   5.487925e-04   6.124869e-01   6.717570e-04   3.884418e-01   6.114787e-04   5.033397e+06   2.373295e+00 
  22   8.515000e-01   -1.267738e+03   4.981906e+00   9.732042e-01   1.856597e-05   1.616686e+06   1.267403e+04   -2.843562e+06   1.116837e+04   8.965258e-03   4.584610e-06   1.038652e-04   1.197798e-07   2.600000e-08   6.998542e-10   7.365956e-01   4.704114e-04   5.512397e-01   5.134378e-04   3.181683e-01   4.111250e-04   7.707394e-01   4.483581e-04   6.018674e-01   5.276764e-04   3.766475e-01   4.633909e-04   5.027929e+06   1.907897e+01 
  23   8.522500e-01   -1.247953e+03   4.703037e+00   9.725268e-01   2.406764e-05   1.567333e+06   1.169775e+04   -2.797331e+06   1.054555e+04   9.126575e-03   6.210148e-06   1.077342e-04   1.608945e-07   3.000000e-08   2.836048e-24   7.256624e-01   6.079573e-04   5.365492e-01   6.699515e-04   3.036347e-01   5.198537e-04   7.604208e-01   5.809968e-04   5.872895e-01   6.897906e-04   3.609134e-01   5.921528e-04   5.020946e+06   2.471244e+01
  24   8.530000e-01   -1.250549e+03   5.907534e+00   9.718519e-01   3.243320e-05   1.575128e+06   1.479655e+04   -2.801303e+06   1.324790e+04   9.279453e-03   7.673667e-06   1.114540e-04   2.024624e-07   3.000000e-08   2.836048e-24   7.140846e-01   8.018122e-04   5.217687e-01   8.864214e-04   2.898579e-01   6.929089e-04   7.494958e-01   7.676723e-04   5.725293e-01   9.131250e-04   3.458561e-01   7.894335e-04   5.013996e+06   3.329756e+01 
  25   8.537500e-01   -1.229852e+03   5.991542e+00   9.710539e-01   2.783548e-05   1.524720e+06   1.468113e+04   -2.752818e+06   1.340802e+04   9.463136e-03   7.165772e-06   1.160090e-04   1.891408e-07   3.000000e-08   2.836048e-24   6.997633e-01   6.933098e-04   5.039240e-01   7.449743e-04   2.738001e-01   5.668994e-04   7.358877e-01   6.634087e-04   5.545617e-01   7.692282e-04   3.281291e-01   6.474874e-04   5.005786e+06   2.856043e+01 
  26   8.545000e-01   -1.214663e+03   6.195638e+00   9.702707e-01   3.681128e-05   1.488463e+06   1.493063e+04   -2.716756e+06   1.386366e+04   9.642901e-03   8.864402e-06   1.205646e-04   2.415359e-07   3.220000e-08   5.917804e-10   6.856956e-01   1.029151e-03   4.869258e-01   1.022531e-03   2.589056e-01   6.979106e-04   7.225586e-01   9.841194e-04   5.374267e-01   1.066977e-03   3.116549e-01   8.121464e-04   4.997734e+06   3.769808e+01 
  27   8.552500e-01   -1.194950e+03   5.497694e+00   9.692086e-01   4.451787e-05   1.441935e+06   1.319100e+04   -2.669954e+06   1.227000e+04   9.888004e-03   1.047786e-05   1.269762e-04   2.953730e-07   4.000000e-08   2.836048e-24   6.640072e-01   1.253051e-03   4.622869e-01   1.211930e-03   2.391948e-01   7.885756e-04   7.018714e-01   1.200411e-03   5.122511e-01   1.270274e-03   2.894175e-01   9.257768e-04   4.986831e+06   4.555059e+01 
  28   8.560000e-01   -1.185084e+03   6.011583e+00   9.681549e-01   4.819429e-05   1.419825e+06   1.435478e+04   -2.645213e+06   1.343888e+04   1.012560e-02   1.149304e-05   1.332700e-04   3.256838e-07   4.080000e-08   3.875617e-10   6.426295e-01   1.344194e-03   4.382953e-01   1.306967e-03   2.203692e-01   8.555129e-04   6.814468e-01   1.290534e-03   4.876718e-01   1.371369e-03   2.680884e-01   1.005272e-03   4.976022e+06   4.929910e+01 
  29   8.567500e-01   -1.165666e+03   6.461171e+00   9.670628e-01   5.178648e-05   1.375517e+06   1.506481e+04   -2.599118e+06   1.440652e+04   1.037207e-02   1.203776e-05   1.398966e-04   3.415504e-07   4.860000e-08   4.956958e-10   6.200937e-01   1.463666e-03   4.139093e-01   1.403496e-03   2.020439e-01   8.888573e-04   6.598741e-01   1.396496e-03   4.625471e-01   1.471287e-03   2.471667e-01   1.049895e-03   4.964830e+06   5.295153e+01 
  30   8.575000e-01   -1.145799e+03   5.698430e+00   9.659422e-01   5.392034e-05   1.330045e+06   1.302312e+04   -2.552024e+06   1.267593e+04   1.061931e-02   1.250800e-05   1.466758e-04   3.629090e-07   5.060000e-08   3.392669e-10   5.966097e-01   1.542775e-03   3.890974e-01   1.437993e-03   1.841182e-01   8.726812e-04   6.374067e-01   1.479074e-03   4.368953e-01   1.517243e-03   2.265534e-01   1.038893e-03   4.953356e+06   5.508076e+01 
  31   8.582500e-01   -1.120153e+03   6.010086e+00   9.646128e-01   5.341426e-05   1.273073e+06   1.335277e+04   -2.491673e+06   1.338874e+04   1.091891e-02   1.278315e-05   1.551038e-04   3.806610e-07   5.860000e-08   4.956958e-10   5.668628e-01   1.529744e-03   3.591324e-01   1.391268e-03   1.638115e-01   8.234139e-04   6.088023e-01   1.478096e-03   4.056360e-01   1.478036e-03   2.029098e-01   9.861892e-04   4.939758e+06   5.452022e+01 
  32   8.590000e-01   -1.102117e+03   5.601694e+00   9.631130e-01   5.238982e-05   1.233472e+06   1.241024e+04   -2.447890e+06   1.245690e+04   1.124825e-02   1.207237e-05   1.644718e-04   3.628204e-07   6.380000e-08   6.934092e-10   5.315437e-01   1.545362e-03   3.250497e-01   1.342384e-03   1.419188e-01   7.585752e-04   5.749140e-01   1.492893e-03   3.698964e-01   1.433437e-03   1.771749e-01   9.139770e-04   4.924434e+06   5.343119e+01 
  33   8.597500e-01   -1.081614e+03   6.573178e+00   9.617683e-01   6.126163e-05   1.189575e+06   1.418788e+04   -2.399090e+06   1.457322e+04   1.154039e-02   1.349841e-05   1.729716e-04   4.084625e-07   7.020000e-08   3.487587e-10   5.010530e-01   1.832526e-03   2.964661e-01   1.543295e-03   1.242155e-01   8.406632e-04   5.454738e-01   1.758926e-03   3.397430e-01   1.648722e-03   1.562433e-01   1.017657e-03   4.910708e+06   6.244144e+01 
  34   8.605000e-01   -1.055220e+03   5.680531e+00   9.601672e-01   5.803062e-05   1.132621e+06   1.202800e+04   -2.336721e+06   1.259058e+04   1.189232e-02   1.313433e-05   1.834170e-04   3.986433e-07   7.960000e-08   2.799417e-10   4.620150e-01   1.807785e-03   2.615805e-01   1.487553e-03   1.040533e-01   7.634177e-04   5.079018e-01   1.737810e-03   3.027395e-01   1.596027e-03   1.321110e-01   9.336624e-04   4.894382e+06   5.911498e+01 
  35   8.612500e-01   -1.032229e+03   6.102503e+00   9.587926e-01   5.585333e-05   1.084335e+06   1.268983e+04   -2.282517e+06   1.349188e+04   1.218536e-02   1.263140e-05   1.921560e-04   3.927947e-07   8.640000e-08   6.857143e-10   4.301047e-01   1.696321e-03   2.332050e-01   1.373545e-03   8.793125e-02   6.986459e-04   4.769997e-01   1.626447e-03   2.725096e-01   1.473955e-03   1.127129e-01   8.555976e-04   4.880375e+06   5.686504e+01 
  36   8.620000e-01   -1.000638e+03   6.736603e+00   9.573553e-01   5.977711e-05   1.019863e+06   1.332449e+04   -2.209344e+06   1.490624e+04   1.249034e-02   1.293879e-05   2.014748e-04   4.018418e-07   9.320000e-08   6.663945e-10   3.941109e-01   1.865207e-03   2.035958e-01   1.428525e-03   7.267593e-02   6.756424e-04   4.422616e-01   1.797606e-03   2.406870e-01   1.549588e-03   9.407876e-02   8.384379e-04   4.865750e+06   6.078242e+01 
  37   8.627500e-01   -9.805059e+02   5.278544e+00   9.560566e-01   5.988327e-05   9.782266e+05   1.039022e+04   -2.161853e+06   1.158734e+04   1.275951e-02   1.308121e-05   2.097988e-04   4.023619e-07   1.004000e-07   2.799417e-10   3.628204e-01   1.869295e-03   1.783867e-01   1.427065e-03   6.013459e-02   6.616115e-04   4.118964e-01   1.803984e-03   2.134435e-01   1.549439e-03   7.865068e-02   8.244102e-04   4.852547e+06   6.087892e+01 
  38   8.635000e-01   -9.593986e+02   5.206627e+00   9.546147e-01   5.229657e-05   9.357445e+05   1.003146e+04   -2.111972e+06   1.146790e+04   1.306889e-02   1.148085e-05   2.195332e-04   3.648199e-07   1.098000e-07   2.000000e-10   3.275681e-01   1.609247e-03   1.506387e-01   1.176804e-03   4.679018e-02   5.045736e-04   3.777256e-01   1.541564e-03   1.833592e-01   1.281575e-03   6.212470e-02   6.373093e-04   4.837897e+06   5.308659e+01 
  39   8.642500e-01   -9.436435e+02   6.784866e+00   9.535815e-01   5.662975e-05   9.056540e+05   1.283221e+04   -2.074923e+06   1.491032e+04   1.327884e-02   1.176467e-05   2.262828e-04   3.827731e-07   1.168000e-07   6.663945e-10   3.042366e-01   1.864590e-03   1.332571e-01   1.315713e-03   3.889286e-02   5.365523e-04   3.550058e-01   1.788279e-03   1.643453e-01   1.440757e-03   5.226547e-02   6.837108e-04   4.827415e+06   5.746299e+01 
  40   8.650000e-01   -9.422372e+02   5.642065e+00   9.525301e-01   4.879220e-05   9.010091e+05   1.052284e+04   -2.069363e+06   1.239989e+04   1.349711e-02   1.126037e-05   2.333036e-04   3.688821e-07   1.208000e-07   3.875617e-10   2.793870e-01   1.515309e-03   1.150373e-01   1.069678e-03   3.097461e-02   4.473583e-04   3.307697e-01   1.470024e-03   1.443288e-01   1.178267e-03   4.227637e-02   5.691236e-04   4.816752e+06   4.948855e+01
  41   8.657500e-01   -9.201767e+02   5.041050e+00   9.515586e-01   3.583699e-05   8.585384e+05   9.238413e+03   -2.018732e+06   1.107005e+04   1.369563e-02   8.226088e-06   2.398446e-04   2.783786e-07   1.296000e-07   2.799417e-10   2.568036e-01   1.056969e-03   9.953267e-02   7.339349e-04   2.479954e-02   3.000574e-04   3.087666e-01   1.019523e-03   1.271500e-01   8.063921e-04   3.438012e-02   3.821882e-04   4.806913e+06   3.631988e+01 
  42   8.665000e-01   -9.017036e+02   5.589317e+00   9.506714e-01   2.761057e-05   8.241926e+05   1.008491e+04   -1.976243e+06   1.225754e+04   1.386726e-02   6.640002e-06   2.455502e-04   2.279919e-07   1.320000e-07   5.714286e-10   2.369345e-01   9.436354e-04   8.646404e-02   6.129149e-04   1.986310e-02   2.292866e-04   2.892719e-01   9.111920e-04   1.125234e-01   6.794250e-04   2.800245e-02   2.961632e-04   4.797936e+06   2.796800e+01 
  43   8.672500e-01   -9.002389e+02   5.637224e+00   9.498983e-01   2.832584e-05   8.206622e+05   1.009284e+04   -1.971290e+06   1.233977e+04   1.401522e-02   6.257192e-06   2.504944e-04   2.168412e-07   1.400000e-07   1.890699e-23   2.202493e-01   8.393702e-04   7.567242e-02   5.673395e-04   1.597093e-02   2.129884e-04   2.730677e-01   8.098221e-04   1.004580e-01   6.284446e-04   2.293212e-02   2.769969e-04   4.790118e+06   2.866536e+01 
  44   8.680000e-01   -8.929196e+02   6.191374e+00   9.491997e-01   2.980935e-05   8.071832e+05   1.093667e+04   -1.953735e+06   1.354536e+04   1.414863e-02   7.152079e-06   2.550944e-04   2.514765e-07   1.424000e-07   6.101188e-10   2.059543e-01   9.364196e-04   6.706402e-02   5.701020e-04   1.309805e-02   1.891341e-04   2.588652e-01   9.051913e-04   9.061995e-02   6.397642e-04   1.912991e-02   2.502062e-04   4.783064e+06   3.013503e+01 
  45   8.687500e-01   -8.805681e+02   4.739328e+00   9.484689e-01   2.716514e-05   7.836977e+05   8.372238e+03   -1.925122e+06   1.038201e+04   1.429570e-02   6.339570e-06   2.601562e-04   2.324912e-07   1.490000e-07   4.285714e-10   1.908408e-01   9.027313e-04   5.813111e-02   5.166367e-04   1.021349e-02   1.614010e-04   2.439695e-01   8.727302e-04   8.043250e-02   5.856458e-04   1.529413e-02   2.157470e-04   4.775686e+06   2.743948e+01 
  46   8.695000e-01   -8.610781e+02   5.724799e+00   9.479319e-01   2.490498e-05   7.498095e+05   9.774921e+03   -1.881391e+06   1.250558e+04   1.439992e-02   6.193477e-06   2.637510e-04   2.307000e-07   1.508000e-07   3.875617e-10   1.811066e-01   8.096373e-04   5.275322e-02   4.317757e-04   8.671572e-03   1.221523e-04   2.344922e-01   7.866101e-04   7.425664e-02   4.952087e-04   1.320071e-02   1.657730e-04   4.770272e+06   2.512655e+01 
  47   8.702500e-01   -8.576815e+02   5.908703e+00   9.473115e-01   2.296419e-05   7.435424e+05   1.016335e+04   -1.872668e+06   1.290985e+04   1.451049e-02   6.319222e-06   2.676554e-04   2.349116e-07   1.580000e-07   5.714286e-10   1.694235e-01   7.972930e-04   4.647368e-02   4.137005e-04   6.919344e-03   1.151320e-04   2.228126e-01   7.820528e-04   6.690625e-02   4.793166e-04   1.079635e-02   1.567772e-04   4.764020e+06   2.315764e+01 
  48   8.710000e-01   -8.545226e+02   5.501512e+00   9.468121e-01   1.927226e-05   7.375268e+05   9.387346e+03   -1.864728e+06   1.200301e+04   1.460552e-02   4.827991e-06   2.710428e-04   1.816817e-07   1.600000e-07   1.134419e-23   1.609019e-01   6.486604e-04   4.209651e-02   3.334700e-04   5.761559e-03   9.235736e-05   2.143631e-01   6.295953e-04   6.176934e-02   3.831312e-04   9.197506e-03   1.256713e-04   4.758991e+06   1.942530e+01 
  49   8.717500e-01   -8.406651e+02   5.271041e+00   9.463218e-01   1.840425e-05   7.136284e+05   8.870570e+03   -1.833507e+06   1.150619e+04   1.470145e-02   5.081867e-06   2.745024e-04   1.868147e-07   1.636000e-07   6.857143e-10   1.526227e-01   6.483403e-04   3.820022e-02   3.326555e-04   4.891366e-03   8.678012e-05   2.060770e-01   6.331313e-04   5.709045e-02   3.852906e-04   7.946900e-03   1.198123e-04   4.754059e+06   1.854855e+01 
  50   8.725000e-01   -8.485378e+02   5.807587e+00   9.458630e-01   1.624981e-05   7.269082e+05   9.895161e+03   -1.849721e+06   1.265672e+04   1.477475e-02   4.799424e-06   2.770994e-04   1.817963e-07   1.686000e-07   4.956958e-10   1.455311e-01   5.173020e-04   3.483297e-02   2.404833e-04   4.099044e-03   5.682229e-05   1.989710e-01   5.157429e-04   5.304784e-02   2.856684e-04   6.823591e-03   7.999858e-05   4.749444e+06   1.635207e+01 
  51   8.732500e-01   -8.308190e+02   5.248381e+00   9.453977e-01   1.353865e-05   6.965871e+05   8.752353e+03   -1.810174e+06   1.143084e+04   1.485971e-02   4.370323e-06   2.801622e-04   1.628587e-07   1.700000e-07   7.562794e-24   1.385210e-01   4.319024e-04   3.168918e-02   2.121755e-04   3.444542e-03   5.337243e-05   1.919564e-01   4.156062e-04   4.923661e-02   2.447308e-04   5.870617e-03   7.396707e-05   4.744768e+06   1.362321e+01 
  52   8.740000e-01   -8.276043e+02   5.557858e+00   9.449771e-01   1.296548e-05   6.911876e+05   9.156027e+03   -1.802334e+06   1.210346e+04   1.493751e-02   4.480846e-06   2.830796e-04   1.844150e-07   1.732000e-07   6.663945e-10   1.322368e-01   3.973870e-04   2.895729e-02   1.743242e-04   2.890095e-03   3.676403e-05   1.855797e-01   3.848109e-04   4.587073e-02   2.051278e-04   5.054942e-03   5.251144e-05   4.740543e+06   1.302954e+01 
  53   8.747500e-01   -8.159935e+02   5.959241e+00   9.445923e-01   1.367611e-05   6.721875e+05   9.790669e+03   -1.776307e+06   1.297383e+04   1.500845e-02   4.240198e-06   2.856620e-04   1.680610e-07   1.786000e-07   4.956958e-10   1.267733e-01   4.669594e-04   2.680733e-02   1.982914e-04   2.525468e-03   4.168343e-05   1.800698e-01   4.712112e-04   4.317623e-02   2.410863e-04   4.498254e-03   6.014017e-05   4.736680e+06   1.374231e+01 
  54   8.755000e-01   -8.157762e+02   6.363281e+00   9.441995e-01   1.304732e-05   6.718777e+05   1.031653e+04   -1.775061e+06   1.384149e+04   1.506819e-02   4.773158e-06   2.877954e-04   1.898277e-07   1.798000e-07   2.000000e-10   1.220322e-01   3.690983e-04   2.483397e-02   1.528509e-04   2.159455e-03   3.067510e-05   1.753418e-01   3.666013e-04   4.074703e-02   1.846359e-04   3.950051e-03   4.454781e-05   4.732738e+06   1.309922e+01 
  55   8.762500e-01   -7.992869e+02   5.821861e+00   9.438123e-01   1.002360e-05   6.447844e+05   9.335825e+03   -1.738454e+06   1.266063e+04   1.513641e-02   4.149831e-06   2.903874e-04   1.695376e-07   1.804000e-07   2.799417e-10   1.168717e-01   3.376468e-04   2.286340e-02   1.383521e-04   1.843777e-03   2.654633e-05   1.701150e-01   3.378664e-04   3.826208e-02   1.676556e-04   3.462309e-03   3.897833e-05   4.728855e+06   1.006473e+01 
  56   8.770000e-01   -7.993656e+02   5.697968e+00   9.434610e-01   9.388638e-06   6.447098e+05   9.129352e+03   -1.737957e+06   1.238910e+04   1.519809e-02   4.206764e-06   2.926826e-04   1.657596e-07   1.850000e-07   7.142857e-10   1.126396e-01   3.007419e-04   2.134118e-02   1.117692e-04   1.620502e-03   2.097412e-05   1.657943e-01   3.024933e-04   3.629495e-02   1.398043e-04   3.106828e-03   3.092965e-05   4.725333e+06   9.421838e+00 
  57   8.777500e-01   -7.983849e+02   6.455159e+00   9.431153e-01   9.842028e-06   6.434771e+05   1.043079e+04   -1.735167e+06   1.402508e+04   1.524919e-02   3.431063e-06   2.945462e-04   1.472959e-07   1.882000e-07   5.488392e-10   1.087776e-01   2.912539e-04   1.996163e-02   1.098699e-04   1.424563e-03   1.941198e-05   1.618293e-01   2.895764e-04   3.450168e-02   1.351306e-04   2.791618e-03   2.884080e-05   4.721869e+06   9.866860e+00 
  58   8.785000e-01   -7.983144e+02   5.219867e+00   9.427738e-01   1.115727e-05   6.425513e+05   8.268247e+03   -1.734366e+06   1.133383e+04   1.530887e-02   4.443275e-06   2.968488e-04   1.849712e-07   1.902000e-07   2.000000e-10   1.050193e-01   3.108675e-04   1.869401e-02   1.092800e-04   1.253605e-03   1.693873e-05   1.580151e-01   3.156891e-04   3.284754e-02   1.395419e-04   2.515323e-03   2.624233e-05   4.718448e+06   1.118076e+00 
  59   8.792500e-01   -7.965227e+02   6.209858e+00   9.424569e-01   8.739920e-06   6.401543e+05   9.992046e+03   -1.729878e+06   1.348394e+04   1.536388e-02   3.941182e-06   2.989032e-04   1.658656e-07   1.908000e-07   3.875617e-10   1.014038e-01   2.393304e-04   1.754510e-02   8.350282e-05   1.118518e-03   1.371903e-05   1.543742e-01   2.452414e-04   3.132760e-02   1.064234e-04   2.287431e-03   2.076901e-05   4.715275e+06   8.756147e+00 
